J =  492.38
J =  0.098476
s =  54.342
J =  0.099019
grad =

  -111.77849
     0.00000
     0.00000
     0.00000
     0.00001
    -0.00039
     0.00130
     0.00040
     0.00046
     0.01895
     0.00775
    -0.00068
    -0.00083
    -0.00064
    -0.00045
    -0.00195
    -0.00061
    -0.00045
    -0.00006
     0.00001
     0.00000
     0.00000
     0.00000
     0.00001
    -0.00063
     0.00431
    -0.00109
     0.00607
     0.09062
     0.20776
     0.09061
     0.02843
     0.04330
     0.02304
     0.00148
     0.02212
     0.00871
     0.00362
     0.00004
     0.00615
     0.00386
    -0.00000
    -0.00001
    -0.00014
     0.00115
     0.02800
     0.05689
     0.05074
     0.85583
     1.49790
     0.28639
    -0.21518
    -0.00511
    -0.15562
    -0.32974
    -0.31131
     0.02282
     0.04353
     0.09831
    -0.03852
    -0.05617
    -0.00000
    -0.00019
    -0.00038
     0.01893
     0.12756
     0.23599
     0.01203
    -0.40959
    -1.32749
    -2.12505
    -2.64222
    -2.95300
    -1.34722
     0.18444
     0.24346
     0.19482
     0.04953
    -0.36713
    -0.42837
    -0.08145
     0.00000
    -0.00015
    -0.00305
     0.03691
     0.23096
    -0.14850
    -2.21637
    -6.12425
   -10.66601
   -11.23826
    -9.81825
    -8.11156
    -4.58701
    -1.33897
    -0.97138
    -0.48272
    -0.26688
    -2.08521
    -2.06178
    -0.14766
    -0.00000
    -0.00044
    -0.00896
     0.15286
     0.29515
    -3.19081
   -10.28128
   -20.21082
   -32.40786
   -39.09863
   -33.69542
   -20.77790
    -9.36165
    -4.58265
    -3.38353
    -3.64765
    -5.64584
    -8.03163
    -6.10382
    -0.72341
    -0.00021
    -0.00211
    -0.00361
     0.31859
    -0.46483
    -9.95856
   -28.20035
   -49.89421
   -63.04217
   -62.98465
   -52.35495
   -37.85768
   -19.43780
    -7.99999
    -4.34216
    -8.63646
   -14.16629
   -15.68134
   -11.40792
    -1.34656
     0.00190
     0.01713
     0.00176
     0.36511
    -4.86048
   -27.27274
   -58.18355
   -73.09586
   -63.19824
   -54.29500
   -53.88503
   -47.64715
   -27.57890
   -13.24760
   -10.77447
   -19.07809
   -24.46901
   -26.01952
   -15.27862
    -0.88046
     0.00743
     0.07999
     0.17514
    -1.24075
   -13.30112
   -51.14845
   -76.21651
   -56.73937
   -32.22962
   -35.46862
   -50.92489
   -49.43570
   -31.45209
   -21.49251
   -24.46643
   -33.97762
   -37.36094
   -32.54088
   -16.80345
    -0.76741
     0.00393
     0.12970
     0.45765
    -0.79292
   -25.40178
   -73.37985
   -69.86669
   -28.05934
   -13.13012
   -31.31343
   -55.15726
   -51.95658
   -40.83326
   -38.74524
   -43.71043
   -46.62480
   -42.90844
   -32.49808
   -15.94011
    -0.52195
    -0.00152
     0.16796
     0.39165
    -0.61116
   -38.73863
   -84.00849
   -55.26726
   -16.65947
   -16.42750
   -42.67323
   -64.93397
   -64.21067
   -64.61234
   -61.62930
   -54.46182
   -46.47663
   -37.84168
   -27.53163
   -14.59699
    -1.41839
    -0.00171
     0.12994
     0.46527
    -1.02923
   -41.57801
   -84.72157
   -52.70096
   -26.21063
   -40.46036
   -69.20024
   -87.90769
   -88.64207
   -77.68861
   -62.00642
   -46.83396
   -35.38268
   -27.61648
   -22.15499
    -9.98994
    -0.33172
    -0.01089
     0.10995
     0.71794
    -0.02537
   -32.49149
   -75.22398
   -66.10488
   -56.50387
   -75.38757
   -92.05051
   -93.23808
   -77.33002
   -57.42314
   -41.33497
   -28.85311
   -23.45410
   -20.60098
   -17.29676
    -8.84646
    -0.18544
    -0.00868
     0.08621
     0.56603
     0.76560
   -18.25583
   -50.04400
   -63.10635
   -69.18875
   -75.43317
   -71.58251
   -52.61843
   -33.63180
   -22.27749
   -15.20803
   -13.81834
   -12.85275
   -10.90695
   -10.24081
    -5.57014
    -0.60903
    -0.00087
     0.03830
     0.31312
     0.78364
    -8.18888
   -27.51349
   -39.35203
   -44.29542
   -43.58895
   -30.29834
   -17.92581
    -9.75153
    -6.68033
    -6.10256
    -5.44176
    -4.35259
    -4.36050
    -4.86160
    -2.93955
    -0.37107
     0.00173
     0.00488
     0.03294
     0.88852
    -0.96968
   -11.41143
   -17.50012
   -18.97241
   -14.57415
    -8.28301
    -5.14109
    -2.83557
    -1.48985
    -1.64104
    -1.27169
    -0.68374
    -1.29389
    -2.69662
    -2.07092
    -0.16441
     0.00035
    -0.00156
    -0.00249
     0.37581
     0.75473
    -2.27025
    -4.23730
    -5.17574
    -3.46624
    -0.95673
    -0.43198
     0.10247
     0.28070
    -0.64275
    -1.31283
    -1.23562
    -0.81346
    -1.57260
    -0.94028
    -0.12092
    -0.00004
    -0.00129
    -0.00096
     0.11996
     0.30160
     0.46446
     0.31150
    -0.18325
    -0.31857
     0.47028
     0.85348
     0.96676
     0.78650
     0.02004
    -0.98289
    -0.78881
    -0.14240
    -0.10330
    -0.14150
     0.00380
     0.00000
     0.00003
    -0.00045
    -0.00528
     0.07309
     0.43011
     0.36247
     0.16343
     0.21441
     0.04455
    -0.13669
     0.03524
     0.16500
     0.05195
     0.01898
     0.05973
     0.03694
     0.01746
     0.01184
     0.00156
     0.00000
     0.00000
    -0.00000
    -0.00104
     0.01471
     0.04733
     0.01144
    -0.00793
    -0.00116
    -0.00204
    -0.01785
     0.01553
     0.05862
     0.01454
    -0.00075
    -0.00258
    -0.00122
     0.00048
    -0.00003
     0.00000

